http://sequoia.iiar.pwr.edu.pl/~witold/ai/MDPRL_zadanie.html

1. Wartości uzyskane metodą iteracji polityki dla przykładu a:
-0.1118180917471232     -0.13405789044079697     0.013619626153381859     0.7504687797805669     
-0.1699982038878769     -0.26716038272765275     -0.4297345217545505     -1.0047198087031788     
-0.13171972976101998     -0.21366444249638405     -0.2849406496214453     -0.3641657712631545    

Zbierzność dla jednego z węzłów:
0.0
0.0
-0.03999999910593033
-0.05999999865889549
-0.07499999832361937
-0.06937499810010195
-0.09265624792897142
-0.08558593530324288
-0.10389648208547442
-0.0984863257640427
-0.11032836672779922
-0.10680892698974276
-0.1139565633738826
-0.1118180917471232
-0.1160140226880988
-0.11475356444371987
-0.11718763245823821
-0.11645488628901908
-0.11785953914908927
-0.11743624560022148
-0.11824496244122859
-0.11800113458847887

przykładu b:

-2.8883528786090538     -3.7769751484217267     -3.1947064909586227     -0.734085836949574     
-3.7769751484217267     -5.022453309902511     -4.268636746710642     4.259838961705039     
-3.1947064909586222     -4.268636746710642     -9.113362404575186     26.041206662232927     
-0.734085836949574     4.25983896170504     26.041206662232927     113.02073802671828   

Zbierzność:

0.0
0.0
-1.0
-1.5
-1.875
-2.15625
-2.828125
-3.009765625
-3.0810546875
-3.1998291015625
-3.09063720703125
-3.1683731079101562
-3.0447654724121094
-3.095644474029541
-2.998148202896118
-3.0314489901065826
-2.962424322962761
-2.984219977632165
-2.937411372549832
-2.951676814467646
-2.9205301524489187
-2.9298670054777176
-2.909321844115766
-2.9154328937679566
-2.9019360945665085
-2.90593582849138
-2.8970864908782943
-2.8997043507186877
-2.8939075190849683
-2.895620930594959
-2.8918253347286202
-2.8929467771210886
-2.8904620522791094
-2.891196045854086
-2.889569623864456
-2.8900500288961597
-2.8889854754878757
-2.889299904663217
-2.888603130913017
-2.888808927480042

2. Zmiana przykładu b) - bazowa nagroda ustawiona na 0

0.3272727263500216     0.654545453337617     1.1636363621433943     2.3999999992535153     
0.654545453337617     1.1272727248570522     1.5999999980456772     8.436363634870666     
1.1636363621433943     1.5999999980456772     -4.327272729688405     29.745454544246705     
2.3999999992535153     8.436363634870666     29.74545454424671     114.87272727180456     
0.0
0.0
0.0
0.0
0.0
0.0
-0.46875
-0.46875
-0.419921875
-0.419921875
-0.2362060546875
-0.2362060546875
-0.06511688232421875
-0.06511688232421875
0.0630497932434082
0.0630497932434082
0.15202119946479797
0.15202119946479797
0.21184531040489674
0.21184531040489674
0.2514982904540375
0.2514982904540375
0.2776070211621118
0.2776070211621118
0.294744008726866
0.294744008726866
0.3059755008503373
0.3059755008503373
0.31333135419477465
0.31333135419477465
0.3181473059374512
0.3181473059374512
0.3212998507829513
0.3212998507829513
0.3233633630183218
0.3233633630183218
0.32471399457486905
0.32471399457486905
0.32559800855033866
0.32559800855033866
0.32617660762927225
0.32617660762927225
0.3265553070242604
0.3265553070242604
0.32680316942783527
0.32680316942783527
0.32696539761200694
0.32696539761200694
0.32707157737918635
0.32707157737918635
0.3271410729522084
0.3271410729522084
0.32718655839938504
0.32718655839938504
0.327216329012347
0.327216329012347
0.32723581413189906
0.32723581413189906
0.32724856730834023
0.32724856730834023
0.32725691437072646
0.32725691437072646
0.3272623775939971
0.3272623775939971
0.3272659533200535
0.3272659533200535
0.32726829366314225
0.32726829366314225
0.3272698254375805
0.3272698254375805
0.3272708279969662
0.3272708279969662
0.32727148418060314
0.32727148418060314
0.3272719136583693
0.3272719136583693
0.32727219475521657
0.32727219475521657
0.32727237873549164
0.32727237873549164
0.32727249915214496
0.32727249915214496
0.32727257796586784
0.32727257796586784
0.32727262955011904
0.32727262955011904
0.3272726633124498
0.3272726633124498
0.3272726854101822
0.3272726854101822
0.3272726998733358
0.3272726998733358
0.32727270933959274
0.32727270933959274
0.3272727155353383
0.3272727155353383
0.3272727195905064
0.3272727195905064
0.32727272224464854
0.32727272224464854
0.32727272398180707
0.32727272398180707
0.32727272511879213
0.32727272511879213
0.3272727258629584
0.3272727258629584
0.3272727263500216

4. Współczynnik dyskontowania z 0.5 na 0.1:

-7.463871679687503E-4     -0.007463866429980471     -0.04933721858398438     0.005192860416992188     
-0.007463866429980469     -0.09919372284765626     -0.9844733473169924     0.15319442692382812     
-0.049337218583984384     -0.9844733473169923     -19.694130431832033     4.043169044946973     
0.0051928604169921904     0.15319442692382818     4.043169044946973     100.40431690384766     
0.0
0.0
0.0
0.0
0.0
0.0
-7.500000000000002E-4
-7.500000000000002E-4
-7.468750000000001E-4
-7.468750000000001E-4
-7.464046875000002E-4
-7.464046875000002E-4
-7.463871679687503E-4